,Log10 INPs,Wind speed,Max gust direction,Max gust speed, Max Gust Ctime,Dry Bulb T,Dew Point T,Grass T,Concrete T,Soil T,Rainfall Total,Radiation Total,Humidity,APS Total Count,SMPS Total Count,demott
Log10 INPs,1.0,0.0157906787978,0.410647276199,-0.0177242451693,0.339544491143,0.293216534392,0.213964485992,0.104695250092,0.0447142760421,0.100025997649,-0.276844548511,0.0273731181444,-0.102687424806,0.276857240011,0.194046016103,0.225604095733
Wind speed,0.0157906787978,1.0,-0.0433401449921,0.921499566477,-0.0304787772474,0.402338245473,0.0194794965112,0.320315086427,0.296957392939,0.387368255293,-0.409378629695,0.132719845044,-0.456881032131,-0.402123862002,0.112036898589,-0.39464103493
Max gust direction,0.410647276199,-0.0433401449921,1.0,0.107803966213,0.246395334371,-0.150062521584,-0.0612565231196,-0.238704964766,-0.264179685557,-0.220298329454,-0.177290469065,0.00656314709929,0.0931629044542,0.313548286246,0.198589701499,0.237196149498
Max gust speed,-0.0177242451693,0.921499566477,0.107803966213,1.0,0.0534015608446,0.255693192518,-0.0772239100741,0.18213974402,0.153344380823,0.221228732419,-0.372063479774,0.13047244104,-0.403701326537,-0.516305295737,-0.00725775896252,-0.520374962668
 Max Gust Ctime,0.339544491143,-0.0304787772474,0.246395334371,0.0534015608446,1.0,-0.111573841571,-0.194664557918,-0.220202244363,-0.234758544894,0.0899375981906,-0.0325063974798,0.545541904862,-0.095071034525,0.0345094023392,0.021001057598,0.00914072612378
Dry Bulb T,0.293216534392,0.402338245473,-0.150062521584,0.255693192518,-0.111573841571,1.0,0.663209373611,0.907434043622,0.810075902455,0.821755649217,-0.288298711463,0.236424624984,-0.413895593883,-0.175969828125,0.3073125541,-0.150619433049
Dew Point T,0.213964485992,0.0194794965112,-0.0612565231196,-0.0772239100741,-0.194664557918,0.663209373611,1.0,0.40461861373,0.254177185188,0.406205781406,0.0408340815926,-0.355318131149,0.405949284538,0.157605758921,0.621627459778,0.213014969319
Grass T,0.104695250092,0.320315086427,-0.238704964766,0.18213974402,-0.220202244363,0.907434043622,0.40461861373,1.0,0.973685230424,0.813297002525,-0.300577649661,0.417844378004,-0.614251017519,-0.228417522787,0.112697840373,-0.21257436833
Concrete T,0.0447142760421,0.296957392939,-0.264179685557,0.153344380823,-0.234758544894,0.810075902455,0.254177185188,0.973685230424,1.0,0.79691972538,-0.287633846707,0.495671159031,-0.675427106988,-0.212458006062,0.032818685403,-0.204878676208
Soil T,0.100025997649,0.387368255293,-0.220298329454,0.221228732419,0.0899375981906,0.821755649217,0.406205781406,0.813297002525,0.79691972538,1.0,-0.0441102705318,0.530300411471,-0.496151691238,-0.22314295451,0.305698437122,-0.204643746409
Rainfall Total,-0.276844548511,-0.409378629695,-0.177290469065,-0.372063479774,-0.0325063974798,-0.288298711463,0.0408340815926,-0.300577649661,-0.287633846707,-0.0441102705318,1.0,-0.134541056253,0.405245669293,-0.111985591015,0.0638072321638,-0.0861905729193
Radiation Total,0.0273731181444,0.132719845044,0.00656314709929,0.13047244104,0.545541904862,0.236424624984,-0.355318131149,0.417844378004,0.495671159031,0.530300411471,-0.134541056253,1.0,-0.711754474319,-0.297529840182,-0.192864382128,-0.331834878977
Humidity,-0.102687424806,-0.456881032131,0.0931629044542,-0.403701326537,-0.095071034525,-0.413895593883,0.405949284538,-0.614251017519,-0.675427106988,-0.496151691238,0.405245669293,-0.711754474319,1.0,0.408680098402,0.402655933849,0.447354360868
APS Total Count,0.276857240011,-0.402123862002,0.313548286246,-0.516305295737,0.0345094023392,-0.175969828125,0.157605758921,-0.228417522787,-0.212458006062,-0.22314295451,-0.111985591015,-0.297529840182,0.408680098402,1.0,0.394289456766,0.988641510138
SMPS Total Count,0.194046016103,0.112036898589,0.198589701499,-0.00725775896252,0.021001057598,0.3073125541,0.621627459778,0.112697840373,0.032818685403,0.305698437122,0.0638072321638,-0.192864382128,0.402655933849,0.394289456766,1.0,0.43129538209
demott,0.225604095733,-0.39464103493,0.237196149498,-0.520374962668,0.00914072612378,-0.150619433049,0.213014969319,-0.21257436833,-0.204878676208,-0.204643746409,-0.0861905729193,-0.331834878977,0.447354360868,0.988641510138,0.43129538209,1.0
