,Log10 INPs,Wind speed,Max gust direction,Max gust speed, Max Gust Ctime,Dry Bulb T,Dew Point T,Grass T,Concrete T,Soil T,Rainfall Total,Radiation Total,Humidity,APS Total Count,SMPS Total Count
Log10 INPs,1.0,0.0943472278588,0.348497626157,0.255800159596,0.0985941975787,-0.0840740577045,0.116316910204,-0.103287482175,-0.1710059072,-0.0482706301337,0.282615595376,-0.0677368906681,0.360131369133,-0.230091333238,0.219999957689
Wind speed,0.0943472278588,1.0,0.113023352202,0.922604898725,0.224960793149,0.352066266738,0.25619033904,0.040150702466,-0.0925728156811,0.349594558698,-0.233656070173,0.117651160176,-0.276573160535,-0.746088692264,0.406154059805
Max gust direction,0.348497626157,0.113023352202,1.0,0.209393797387,0.171091229772,-0.253305925043,-0.108951976211,-0.31510404143,-0.349768832345,-0.197963773644,0.305073479004,0.180540697279,0.330227020016,-0.0235407642198,0.102407147079
Max gust speed,0.255800159596,0.922604898725,0.209393797387,1.0,0.351617844962,0.270684001648,0.235163311198,-0.0206699655179,-0.144555410686,0.262190210691,-0.213874759556,0.246827681075,-0.146212687757,-0.739008580527,0.486436168384
 Max Gust Ctime,0.0985941975787,0.224960793149,0.171091229772,0.351617844962,1.0,-0.299395571191,-0.0908428408425,-0.615962972065,-0.667085219319,-0.097264416861,0.552950111348,0.159740569167,0.466559882204,-0.516049762251,0.0063864981825
Dry Bulb T,-0.0840740577045,0.352066266738,-0.253305925043,0.270684001648,-0.299395571191,1.0,0.870376957216,0.876388645638,0.755679106574,0.904546216443,-0.47579011855,0.05590858547,-0.617083207633,-0.0947823981472,0.832696262899
Dew Point T,0.116316910204,0.25619033904,-0.108951976211,0.235163311198,-0.0908428408425,0.870376957216,1.0,0.634297675764,0.448855672287,0.751236756113,-0.218433746913,-0.278450422273,-0.150025506365,-0.184550459025,0.827607078119
Grass T,-0.103287482175,0.040150702466,-0.31510404143,-0.0206699655179,-0.615962972065,0.876388645638,0.634297675764,1.0,0.971975696908,0.729771024064,-0.619750889271,0.172360780403,-0.752902978974,0.294696010757,0.644631568667
Concrete T,-0.1710059072,-0.0925728156811,-0.349768832345,-0.144555410686,-0.667085219319,0.755679106574,0.448855672287,0.971975696908,1.0,0.631897505922,-0.616045269208,0.290784780257,-0.808781932571,0.420111727753,0.503435633111
Soil T,-0.0482706301337,0.349594558698,-0.197963773644,0.262190210691,-0.097264416861,0.904546216443,0.751236756113,0.729771024064,0.631897505922,1.0,-0.220837523347,0.238085427341,-0.617904304398,-0.248929802624,0.770249254509
Rainfall Total,0.282615595376,-0.233656070173,0.305073479004,-0.213874759556,0.552950111348,-0.47579011855,-0.218433746913,-0.619750889271,-0.616045269208,-0.220837523347,1.0,-0.0760633616079,0.605884452531,-0.307252945303,-0.273629875989
Radiation Total,-0.0677368906681,0.117651160176,0.180540697279,0.246827681075,0.159740569167,0.05590858547,-0.278450422273,0.172360780403,0.290784780257,0.238085427341,-0.0760633616079,1.0,-0.554872005583,0.000766388064196,0.230812987308
Humidity,0.360131369133,-0.276573160535,0.330227020016,-0.146212687757,0.466559882204,-0.617083207633,-0.150025506365,-0.752902978974,-0.808781932571,-0.617904304398,0.605884452531,-0.554872005583,1.0,-0.126279014929,-0.344337978011
APS Total Count,-0.230091333238,-0.746088692264,-0.0235407642198,-0.739008580527,-0.516049762251,-0.0947823981472,-0.184550459025,0.294696010757,0.420111727753,-0.248929802624,-0.307252945303,0.000766388064196,-0.126279014929,1.0,-0.237608582443
SMPS Total Count,0.219999957689,0.406154059805,0.102407147079,0.486436168384,0.0063864981825,0.832696262899,0.827607078119,0.644631568667,0.503435633111,0.770249254509,-0.273629875989,0.230812987308,-0.344337978011,-0.237608582443,1.0
