,Log10 INPs,Wind speed,Max gust direction,Max gust speed, Max Gust Ctime,Dry Bulb T,Dew Point T,Grass T,Concrete T,Soil T,Rainfall Total,Radiation Total,Humidity,APS Total,SMPS Total,demott
Log10 INPs,1.0,-0.0235158023866,0.489624403373,-0.0296042108184,0.425865208563,0.180879794129,0.119549464155,0.0345694584863,-0.0298778147478,0.0764424360173,-0.204152313038,0.0173156935009,-0.104290805364,0.266913636701,-0.0017678899755,0.291250673189
Wind speed,-0.0235158023866,1.0,0.104231442303,0.918926239827,-0.017576927235,0.414508976467,0.146165695812,0.298485916609,0.259979569515,0.406857918858,-0.338942141953,0.143099292673,-0.397226186693,-0.431324383274,-0.0367806308049,-0.459933367542
Max gust direction,0.489624403373,0.104231442303,1.0,0.243916359142,0.34604053067,-0.152769113903,-0.112789546288,-0.280977810893,-0.331847420754,-0.278705691026,-0.445417880396,-0.0111512990811,0.0516756220696,0.349974768468,0.077752143442,0.288827123496
Max gust speed,-0.0296042108184,0.918926239827,0.243916359142,1.0,0.0438179144811,0.244268969169,0.0382561115094,0.132826600397,0.0888892262183,0.192330481986,-0.337548701606,0.0865018472967,-0.305187502164,-0.481758863137,-0.184182971964,-0.549150637003
 Max Gust Ctime,0.425865208563,-0.017576927235,0.34604053067,0.0438179144811,1.0,-0.13608975988,-0.174420335406,-0.26142592279,-0.260228696109,-6.08247311374e-05,-0.266307763851,0.487870229204,-0.0289044353096,-0.0394471038288,-0.0648592625259,0.0645139332017
Dry Bulb T,0.180879794129,0.414508976467,-0.152769113903,0.244268969169,-0.13608975988,1.0,0.750853728441,0.928124285377,0.839724284242,0.858366277635,-0.355690642285,0.227639122771,-0.420843845681,-0.171005747367,0.0143043161892,-0.139120808228
Dew Point T,0.119549464155,0.146165695812,-0.112789546288,0.0382561115094,-0.174420335406,0.750853728441,1.0,0.555964550702,0.409847039357,0.575517953881,-0.00636968816429,-0.286229558116,0.282351703219,0.0541607060197,0.265333446153,0.135373150619
Grass T,0.0345694584863,0.298485916609,-0.280977810893,0.132826600397,-0.26142592279,0.928124285377,0.555964550702,1.0,0.97369042541,0.819448320993,-0.365561645756,0.37633587569,-0.583820538093,-0.160432045667,-0.0589741812353,-0.163781892158
Concrete T,-0.0298778147478,0.259979569515,-0.331847420754,0.0888892262183,-0.260228696109,0.839724284242,0.409847039357,0.97369042541,1.0,0.806749023285,-0.347491861051,0.480213204704,-0.653065305556,-0.159538353782,-0.109980760046,-0.148793935174
Soil T,0.0764424360173,0.406857918858,-0.278705691026,0.192330481986,-6.08247311374e-05,0.858366277635,0.575517953881,0.819448320993,0.806749023285,1.0,-0.191765406676,0.433958847358,-0.441312387982,-0.255019675542,0.0345789447228,-0.172546861912
Rainfall Total,-0.204152313038,-0.338942141953,-0.445417880396,-0.337548701606,-0.266307763851,-0.355690642285,-0.00636968816429,-0.365561645756,-0.347491861051,-0.191765406676,1.0,-0.425047383699,0.520247222523,-0.0740073197495,0.0714576592934,-0.0936275927065
Radiation Total,0.0173156935009,0.143099292673,-0.0111512990811,0.0865018472967,0.487870229204,0.227639122771,-0.286229558116,0.37633587569,0.480213204704,0.433958847358,-0.425047383699,1.0,-0.7047830597,-0.27560657895,-0.249959841208,-0.265704979081
Humidity,-0.104290805364,-0.397226186693,0.0516756220696,-0.305187502164,-0.0289044353096,-0.420843845681,0.282351703219,-0.583820538093,-0.653065305556,-0.441312387982,0.520247222523,-0.7047830597,1.0,0.319005235394,0.376266879093,0.388265633948
APS Total,0.266913636701,-0.431324383274,0.349974768468,-0.481758863137,-0.0394471038288,-0.171005747367,0.0541607060197,-0.160432045667,-0.159538353782,-0.255019675542,-0.0740073197495,-0.27560657895,0.319005235394,1.0,0.468714019303,0.873006028587
SMPS Total,-0.0017678899755,-0.0367806308049,0.077752143442,-0.184182971964,-0.0648592625259,0.0143043161892,0.265333446153,-0.0589741812353,-0.109980760046,0.0345789447228,0.0714576592934,-0.249959841208,0.376266879093,0.468714019303,1.0,0.532945685049
demott,0.291250673189,-0.459933367542,0.288827123496,-0.549150637003,0.0645139332017,-0.139120808228,0.135373150619,-0.163781892158,-0.148793935174,-0.172546861912,-0.0936275927065,-0.265704979081,0.388265633948,0.873006028587,0.532945685049,1.0
