,Log10 INPs,Wind speed,Max gust direction,Max gust speed, Max Gust Ctime,Dry Bulb T,Dew Point T,Grass T,Concrete T,Soil T,Rainfall Total,Radiation Total,Humidity,rain_past_hour,smps_total_over500,smps_total_sub500,aps_1um,aps_sub_1um
Wind speed,0.263550950039,1.0,-0.125001499789,0.915718443642,0.00465295915835,0.410579055575,-0.0944759494478,0.357581830908,0.351687154329,0.435476981374,-0.47872297151,0.240329636024,-0.564810792681,-0.314400427111,-0.27059768239,-0.278498557995,0.315101298105,-0.291720267535
Max gust direction,0.0591829845325,-0.125001499789,1.0,0.0474952964802,0.139773849879,-0.191931947536,-0.0102131774819,-0.25994822049,-0.284523005623,-0.258535495953,-0.0847029431708,-0.0667357725097,0.189239214456,0.0119582981188,0.0133018721423,0.0190930336154,-0.199574512384,0.274201038795
Max gust speed,0.242817065542,0.915718443642,0.0474952964802,1.0,0.103176519996,0.296758120894,-0.144095209219,0.241152696969,0.220873685347,0.293865498955,-0.428494152844,0.255183799006,-0.501995215849,-0.316652182869,-0.252092978762,-0.346847363073,0.133608488532,-0.389238634952
 Max Gust Ctime,0.359276452037,0.00465295915835,0.139773849879,0.103176519996,1.0,-0.169673921416,-0.270752502788,-0.288713465064,-0.294139022104,0.0802922471995,-0.0147909418647,0.575717336117,-0.124438258743,-0.316229485513,0.0781169329426,0.0343238176757,-0.0481967373208,-0.00385872392697
Dry Bulb T,-0.148775793591,0.410579055575,-0.191931947536,0.296758120894,-0.169673921416,1.0,0.623668233648,0.897583386185,0.796201111989,0.814113622935,-0.326758992288,0.176024853528,-0.402235311674,-0.387784880041,-0.19580861799,-0.142511299439,0.268500207561,-0.137961090844
Dew Point T,-0.380701532282,-0.0944759494478,-0.0102131774819,-0.144095209219,-0.270752502788,0.623668233648,1.0,0.366533823522,0.207113707945,0.351308487657,0.0596347546708,-0.43315670205,0.463993072944,0.0278623684795,-0.0263704115408,0.138676842222,0.164332787605,0.0666509309653
Grass T,-0.147618735655,0.357581830908,-0.25994822049,0.241152696969,-0.288713465064,0.897583386185,0.366533823522,1.0,0.968740878133,0.796041116882,-0.333249085864,0.347521977553,-0.584704569915,-0.341319697739,-0.174081467149,-0.164575965731,0.234326453596,-0.162406675583
Concrete T,-0.165342951589,0.351687154329,-0.284523005623,0.220873685347,-0.294139022104,0.796201111989,0.207113707945,0.968740878133,1.0,0.77777631586,-0.316955035343,0.435576241688,-0.654018867259,-0.319726256294,-0.222462464572,-0.21632346436,0.205378227198,-0.160715474569
Soil T,-0.103342981263,0.435476981374,-0.258535495953,0.293865498955,0.0802922471995,0.814113622935,0.351308487657,0.796041116882,0.77777631586,1.0,-0.0827258938602,0.517686667112,-0.498005493625,-0.306239859734,-0.359491678213,-0.253258824853,0.181737041707,-0.236848578371
Rainfall Total,-0.26777083447,-0.47872297151,-0.0847029431708,-0.428494152844,-0.0147909418647,-0.326758992288,0.0596347546708,-0.333249085864,-0.316955035343,-0.0827258938602,1.0,-0.120494664177,0.443680664674,0.663322564125,-0.123540940302,-0.0563320710065,-0.300219002027,-0.145653654261
Radiation Total,0.104769876262,0.240329636024,-0.0667357725097,0.255183799006,0.575717336117,0.176024853528,-0.43315670205,0.347521977553,0.435576241688,0.517686667112,-0.120494664177,1.0,-0.701351860981,-0.355433581857,-0.0932135994259,-0.176088555679,-0.0440425463862,-0.252083467763
Humidity,-0.272233929542,-0.564810792681,0.189239214456,-0.501995215849,-0.124438258743,-0.402235311674,0.463993072944,-0.584704569915,-0.654018867259,-0.498005493625,0.443680664674,-0.701351860981,1.0,0.482683041865,0.186724998635,0.32747865381,-0.0999953553998,0.232373594528
Rainfall,-0.194947891312,-0.314400427111,0.0119582981188,-0.316652182869,-0.316229485513,-0.387784880041,0.0278623684795,-0.341319697739,-0.319726256294,-0.306239859734,0.663322564125,-0.355433581857,0.482683041865,1.0,-0.0896766721231,-0.0219711782806,-0.210384309694,-0.0544975308705
APS < 1 um,0.0489210663258,0.315101298105,-0.199574512384,0.133608488532,-0.0481967373208,0.268500207561,0.164332787605,0.234326453596,0.205378227198,0.181737041707,-0.300219002027,-0.0440425463862,-0.0999953553998,-0.210384309694,0.00328822481496,0.245740910713,1.0,0.43312668165
APS > 1 um,0.0449787191527,-0.291720267535,0.274201038795,-0.389238634952,-0.00385872392697,-0.137961090844,0.0666509309653,-0.162406675583,-0.160715474569,-0.236848578371,-0.145653654261,-0.252083467763,0.232373594528,-0.0544975308705,-0.0118430336045,0.147124632049,0.43312668165,1.0
SMPS <0.5 um ,0.0114870552949,-0.27059768239,0.0133018721423,-0.252092978762,0.0781169329426,-0.19580861799,-0.0263704115408,-0.174081467149,-0.222462464572,-0.359491678213,-0.123540940302,-0.0932135994259,0.186724998635,-0.0896766721231,1.0,0.910640769507,0.00328822481496,-0.0118430336045
SMPS > 0.5 um,-0.0627407530405,-0.278498557995,0.0190930336154,-0.346847363073,0.0343238176757,-0.142511299439,0.138676842222,-0.164575965731,-0.21632346436,-0.253258824853,-0.0563320710065,-0.176088555679,0.32747865381,-0.0219711782806,0.910640769507,1.0,0.245740910713,0.147124632049
