,Log10 INPs,Wind speed,Max gust direction,Max gust speed, Max Gust Ctime,Dry Bulb T,Dew Point T,Grass T,Concrete T,Soil T,Rainfall Total,Radiation Total,Humidity,APS Total,SMPS Total,demott
Log10 INPs,1.0,0.0879294818812,0.197662554413,0.291604385394,0.273509611749,-0.00711124307836,0.32336337739,-0.140321206789,-0.261270162734,0.0037794757734,0.310801457243,-0.221005162114,0.532630000776,-0.411195936525,-0.246696619241,-0.284657875745
Wind speed,0.0879294818812,1.0,0.113023352202,0.922604898725,0.224960793149,0.352066266738,0.25619033904,0.040150702466,-0.0925728156811,0.349594558698,-0.233656070173,0.117651160176,-0.276573160535,-0.777473481695,-0.179208967477,-0.75084992677
Max gust direction,0.197662554413,0.113023352202,1.0,0.209393797387,0.171091229772,-0.253305925043,-0.108951976211,-0.31510404143,-0.349768832345,-0.197963773644,0.305073479004,0.180540697279,0.330227020016,-0.210307028183,-0.203826561345,0.000779079651557
Max gust speed,0.291604385394,0.922604898725,0.209393797387,1.0,0.351617844962,0.270684001648,0.235163311198,-0.0206699655179,-0.144555410686,0.262190210691,-0.213874759556,0.246827681075,-0.146212687757,-0.738092286041,-0.16118013357,-0.753207277029
 Max Gust Ctime,0.273509611749,0.224960793149,0.171091229772,0.351617844962,1.0,-0.299395571191,-0.0908428408425,-0.615962972065,-0.667085219319,-0.097264416861,0.552950111348,0.159740569167,0.466559882204,-0.490427329001,-0.190453834858,-0.51120220158
Dry Bulb T,-0.00711124307836,0.352066266738,-0.253305925043,0.270684001648,-0.299395571191,1.0,0.870376957216,0.876388645638,0.755679106574,0.904546216443,-0.47579011855,0.05590858547,-0.617083207633,-0.0282359573887,0.0646791173474,-0.115370056031
Dew Point T,0.32336337739,0.25619033904,-0.108951976211,0.235163311198,-0.0908428408425,0.870376957216,1.0,0.634297675764,0.448855672287,0.751236756113,-0.218433746913,-0.278450422273,-0.150025506365,-0.138539148569,-0.01419512092,-0.189634952466
Grass T,-0.140321206789,0.040150702466,-0.31510404143,-0.0206699655179,-0.615962972065,0.876388645638,0.634297675764,1.0,0.971975696908,0.729771024064,-0.619750889271,0.172360780403,-0.752902978974,0.354308991152,0.179499891158,0.270157317113
Concrete T,-0.261270162734,-0.0925728156811,-0.349768832345,-0.144555410686,-0.667085219319,0.755679106574,0.448855672287,0.971975696908,1.0,0.631897505922,-0.616045269208,0.290784780257,-0.808781932571,0.490913216165,0.227664237865,0.391953004093
Soil T,0.0037794757734,0.349594558698,-0.197963773644,0.262190210691,-0.097264416861,0.904546216443,0.751236756113,0.729771024064,0.631897505922,1.0,-0.220837523347,0.238085427341,-0.617904304398,-0.183015243055,0.0388913264062,-0.271975017694
Rainfall Total,0.310801457243,-0.233656070173,0.305073479004,-0.213874759556,0.552950111348,-0.47579011855,-0.218433746913,-0.619750889271,-0.616045269208,-0.220837523347,1.0,-0.0760633616079,0.605884452531,-0.272862261228,0.0829101646473,-0.271627626594
Radiation Total,-0.221005162114,0.117651160176,0.180540697279,0.246827681075,0.159740569167,0.05590858547,-0.278450422273,0.172360780403,0.290784780257,0.238085427341,-0.0760633616079,1.0,-0.554872005583,0.0973706283661,0.185903556716,-0.0316500236547
Humidity,0.532630000776,-0.276573160535,0.330227020016,-0.146212687757,0.466559882204,-0.617083207633,-0.150025506365,-0.752902978974,-0.808781932571,-0.617904304398,0.605884452531,-0.554872005583,1.0,-0.184377948618,-0.157762839399,-0.0933077038338
APS Total,-0.411195936525,-0.777473481695,-0.210307028183,-0.738092286041,-0.490427329001,-0.0282359573887,-0.138539148569,0.354308991152,0.490913216165,-0.183015243055,-0.272862261228,0.0973706283661,-0.184377948618,1.0,0.369410988436,0.899585326197
SMPS Total,-0.246696619241,-0.179208967477,-0.203826561345,-0.16118013357,-0.190453834858,0.0646791173474,-0.01419512092,0.179499891158,0.227664237865,0.0388913264062,0.0829101646473,0.185903556716,-0.157762839399,0.369410988436,1.0,0.00505252203517
demott,-0.284657875745,-0.75084992677,0.000779079651557,-0.753207277029,-0.51120220158,-0.115370056031,-0.189634952466,0.270157317113,0.391953004093,-0.271975017694,-0.271627626594,-0.0316500236547,-0.0933077038338,0.899585326197,0.00505252203517,1.0
