,Log10 INPs,Wind speed,Max gust direction,Max gust speed, Max Gust Ctime,Dry Bulb T,Dew Point T,Grass T,Concrete T,Soil T,Rainfall Total,Radiation Total,Humidity,APS Total Count,SMPS Total Count
Log10 INPs,1.0,-0.0155716652539,0.551128522377,-0.0397975566455,0.425469543399,0.226852534166,0.164258934151,0.0567363674418,-0.00239089190811,0.083260774479,-0.285192257338,0.018814347204,-0.109889238687,0.410253752624,0.268874471956
Wind speed,-0.0155716652539,1.0,0.104231442303,0.918926239827,-0.017576927235,0.414508976467,0.146165695812,0.298485916609,0.259979569515,0.406857918858,-0.338942141953,0.143099292673,-0.397226186693,-0.457261170957,0.141486611012
Max gust direction,0.551128522377,0.104231442303,1.0,0.243916359142,0.34604053067,-0.152769113903,-0.112789546288,-0.280977810893,-0.331847420754,-0.278705691026,-0.445417880396,-0.0111512990811,0.0516756220696,0.371966055002,0.198392962695
Max gust speed,-0.0397975566455,0.918926239827,0.243916359142,1.0,0.0438179144811,0.244268969169,0.0382561115094,0.132826600397,0.0888892262183,0.192330481986,-0.337548701606,0.0865018472967,-0.305187502164,-0.536201471343,0.0220260041504
 Max Gust Ctime,0.425469543399,-0.017576927235,0.34604053067,0.0438179144811,1.0,-0.13608975988,-0.174420335406,-0.26142592279,-0.260228696109,-6.08247311374e-05,-0.266307763851,0.487870229204,-0.0289044353096,0.0935142284453,0.0300159005412
Dry Bulb T,0.226852534166,0.414508976467,-0.152769113903,0.244268969169,-0.13608975988,1.0,0.750853728441,0.928124285377,0.839724284242,0.858366277635,-0.355690642285,0.227639122771,-0.420843845681,-0.170397667695,0.360067984662
Dew Point T,0.164258934151,0.146165695812,-0.112789546288,0.0382561115094,-0.174420335406,0.750853728441,1.0,0.555964550702,0.409847039357,0.575517953881,-0.00636968816429,-0.286229558116,0.282351703219,0.0709801842407,0.607727179329
Grass T,0.0567363674418,0.298485916609,-0.280977810893,0.132826600397,-0.26142592279,0.928124285377,0.555964550702,1.0,0.97369042541,0.819448320993,-0.365561645756,0.37633587569,-0.583820538093,-0.18574895098,0.202899703798
Concrete T,-0.00239089190811,0.259979569515,-0.331847420754,0.0888892262183,-0.260228696109,0.839724284242,0.409847039357,0.97369042541,1.0,0.806749023285,-0.347491861051,0.480213204704,-0.653065305556,-0.160336893644,0.124021169003
Soil T,0.083260774479,0.406857918858,-0.278705691026,0.192330481986,-6.08247311374e-05,0.858366277635,0.575517953881,0.819448320993,0.806749023285,1.0,-0.191765406676,0.433958847358,-0.441312387982,-0.195201888932,0.350376872627
Rainfall Total,-0.285192257338,-0.338942141953,-0.445417880396,-0.337548701606,-0.266307763851,-0.355690642285,-0.00636968816429,-0.365561645756,-0.347491861051,-0.191765406676,1.0,-0.425047383699,0.520247222523,-0.130711757339,0.00951762436673
Radiation Total,0.018814347204,0.143099292673,-0.0111512990811,0.0865018472967,0.487870229204,0.227639122771,-0.286229558116,0.37633587569,0.480213204704,0.433958847358,-0.425047383699,1.0,-0.7047830597,-0.224110833155,-0.157105163188
Humidity,-0.109889238687,-0.397226186693,0.0516756220696,-0.305187502164,-0.0289044353096,-0.420843845681,0.282351703219,-0.583820538093,-0.653065305556,-0.441312387982,0.520247222523,-0.7047830597,1.0,0.34330923918,0.328506703683
APS Total Count,0.410253752624,-0.457261170957,0.371966055002,-0.536201471343,0.0935142284453,-0.170397667695,0.0709801842407,-0.18574895098,-0.160336893644,-0.195201888932,-0.130711757339,-0.224110833155,0.34330923918,1.0,0.348104797547
SMPS Total Count,0.268874471956,0.141486611012,0.198392962695,0.0220260041504,0.0300159005412,0.360067984662,0.607727179329,0.202899703798,0.124021169003,0.350376872627,0.00951762436673,-0.157105163188,0.328506703683,0.348104797547,1.0
