,Log10 INPs,Wind speed,Max gust direction,Max gust speed, Max Gust Ctime,Dry Bulb T,Dew Point T,Grass T,Concrete T,Soil T,Rainfall Total,Radiation Total,Humidity,APS Total Count,SMPS Total Count,demott
Log10 INPs,1.0,-0.0130678399459,0.00118509230591,-0.0331548655458,0.211654333292,-0.103379795682,-0.0229048261966,-0.207798067531,-0.227872164158,-0.131012341854,-0.0947524648755,-0.227441633018,0.0830765020179,-0.0719392679601,-0.187244277216,-0.0300686652456
Wind speed,-0.0130678399459,1.0,-0.0856795276823,0.925992758919,0.00377562047682,0.397442979245,-0.110695530097,0.343583008402,0.339198908387,0.417897703874,-0.485151835831,0.254786523533,-0.568838694149,-0.400898308182,-0.0889146468803,-0.45582902372
Max gust direction,0.00118509230591,-0.0856795276823,1.0,0.0576686706378,0.12779617637,-0.201004202816,-0.0342497690863,-0.269260998334,-0.292045821123,-0.270248155335,-0.0999907754865,-0.0389203371193,0.172327161915,0.0320062462165,0.104890167773,0.0955596092229
Max gust speed,-0.0331548655458,0.925992758919,0.0576686706378,1.0,0.0939907906086,0.28530753763,-0.158757186323,0.228965356114,0.210192460451,0.278706252181,-0.435298991722,0.268706124418,-0.506582688081,-0.449313433909,-0.180334714517,-0.534577067283
 Max Gust Ctime,0.211654333292,0.00377562047682,0.12779617637,0.0939907906086,1.0,-0.178076964151,-0.286152153585,-0.296700719118,-0.300892839223,0.0647324306351,-0.0292390467074,0.585248557713,-0.134670930437,0.0667884365611,0.0261003042598,0.0710843001905
Dry Bulb T,-0.103379795682,0.397442979245,-0.201004202816,0.28530753763,-0.178076964151,1.0,0.62610524079,0.89818487579,0.797328816412,0.815227453711,-0.316397019326,0.161369713143,-0.393432973268,-0.143324698797,0.183436379532,-0.113704237173
Dew Point T,-0.0229048261966,-0.110695530097,-0.0342497690863,-0.158757186323,-0.286152153585,0.62610524079,1.0,0.37366502553,0.215283220177,0.36064567894,0.0740299868454,-0.44659894862,0.469704999204,0.165458181422,0.470591448071,0.218065127878
Grass T,-0.207798067531,0.343583008402,-0.269260998334,0.228965356114,-0.296700719118,0.89818487579,0.37366502553,1.0,0.968889267516,0.797653828693,-0.321617901334,0.328439823648,-0.573528625688,-0.203793620699,0.0364198942118,-0.183453261968
Concrete T,-0.227872164158,0.339198908387,-0.292045821123,0.210192460451,-0.300892839223,0.797328816412,0.215283220177,0.968889267516,1.0,0.779160456425,-0.306719910755,0.416946792917,-0.643677297686,-0.191865044327,-0.0418243960249,-0.180010453956
Soil T,-0.131012341854,0.417897703874,-0.270248155335,0.278706252181,0.0647324306351,0.815227453711,0.36064567894,0.797653828693,0.779160456425,1.0,-0.0714263367071,0.492299625479,-0.485226268702,-0.204931346504,0.0868841374324,-0.183963006113
Rainfall Total,-0.0947524648755,-0.485151835831,-0.0999907754865,-0.435298991722,-0.0292390467074,-0.316397019326,0.0740299868454,-0.321617901334,-0.306719910755,-0.0714263367071,1.0,-0.134818027859,0.448426649579,-0.133816202021,-0.0295840071814,-0.113857641965
Radiation Total,-0.227441633018,0.254786523533,-0.0389203371193,0.268706124418,0.585248557713,0.161369713143,-0.44659894862,0.328439823648,0.416946792917,0.492299625479,-0.134818027859,1.0,-0.703317906798,-0.2630475604,-0.165290697081,-0.285472842663
Humidity,0.0830765020179,-0.568838694149,0.172327161915,-0.506582688081,-0.134670930437,-0.393432973268,0.469704999204,-0.573528625688,-0.643677297686,-0.485226268702,0.448426649579,-0.703317906798,1.0,0.358470402765,0.355393629138,0.388713728561
APS Total Count,-0.0719392679601,-0.400898308182,0.0320062462165,-0.449313433909,0.0667884365611,-0.143324698797,0.165458181422,-0.203793620699,-0.191865044327,-0.204931346504,-0.133816202021,-0.2630475604,0.358470402765,1.0,0.319793099979,0.963961868727
SMPS Total Count,-0.187244277216,-0.0889146468803,0.104890167773,-0.180334714517,0.0261003042598,0.183436379532,0.470591448071,0.0364198942118,-0.0418243960249,0.0868841374324,-0.0295840071814,-0.165290697081,0.355393629138,0.319793099979,1.0,0.357009989795
demott,-0.0300686652456,-0.45582902372,0.0955596092229,-0.534577067283,0.0710843001905,-0.113704237173,0.218065127878,-0.183453261968,-0.180010453956,-0.183963006113,-0.113857641965,-0.285472842663,0.388713728561,0.963961868727,0.357009989795,1.0
