,Log10 INPs,Wind speed,Max gust direction,Max gust speed, Max Gust Ctime,Dry Bulb T,Dew Point T,Grass T,Concrete T,Soil T,Rainfall Total,Radiation Total,Humidity,rain_past_hour,smps_total_over500,smps_total_sub500,aps_1um,aps_sub_1um
Wind speed,0.194024667059,1.0,-0.0173600572188,0.911489698846,0.0137985096761,0.383345974667,0.0134116725139,0.243933425407,0.200281357354,0.393130440608,-0.401067925505,0.1668791815,-0.446862969306,-0.25184938729,0.036237730844,0.0197008444197,0.13024834663,-0.383341330478
Max gust direction,0.131313663432,-0.0173600572188,1.0,0.154737107363,0.234874571826,-0.180788410122,-0.0735680522877,-0.252388463475,-0.282070312886,-0.210473027589,-0.115333837443,0.0111221846309,0.117408797583,-0.0087617686942,0.168645371776,0.131615745721,-0.153526012765,0.23652659964
Max gust speed,0.155753853482,0.911489698846,0.154737107363,1.0,0.109751339625,0.264206300092,-0.055262127195,0.134243902265,0.0842404171532,0.244280774874,-0.352550042309,0.18437166519,-0.393028482879,-0.258057918028,0.167047394795,0.0538994743705,-0.0408854884385,-0.461847580405
 Max Gust Ctime,0.337253134661,0.0137985096761,0.234874571826,0.109751339625,1.0,-0.197529431425,-0.231081526162,-0.369245231911,-0.376678112435,0.0397936374334,0.0487485229148,0.515002942393,-0.0403681882011,-0.276557534123,0.0543421719303,0.0481366692971,-0.112623624428,-0.04389829227
Unnamed: 0,0.378278492337,-0.191063087873,0.337052709867,-0.0134612116703,0.203790613155,-0.628002340453,-0.51485320788,-0.652713861959,-0.664009907549,-0.83137193018,-0.123391652517,-0.272121830397,0.118387690812,-0.0160939079651,0.406950736012,0.183056806772,-0.273045895191,0.112550731539
Dry Bulb T,-0.19918212114,0.383345974667,-0.180788410122,0.264206300092,-0.197529431425,1.0,0.674081744037,0.882173097624,0.768811220243,0.815559435901,-0.318909727846,0.163781710264,-0.401366767842,-0.382198104243,0.0131726206681,0.0513999920963,0.258537907593,-0.125151285012
Dew Point T,-0.276313668598,0.0134116725139,-0.0735680522877,-0.055262127195,-0.231081526162,0.674081744037,1.0,0.413657628176,0.24837454419,0.436164172018,0.0153465188222,-0.396450373155,0.405185648727,-0.00638914840463,0.0318122305422,0.183533554198,0.305629262258,0.0649135480143
Grass T,-0.292990389805,0.243933425407,-0.252388463475,0.134243902265,-0.369245231911,0.882173097624,0.413657628176,1.0,0.9682186926,0.760062474093,-0.332927927036,0.32459583364,-0.576511191553,-0.339336156801,-0.115164017088,-0.11443398401,0.212400167201,-0.0946784291507
Concrete T,-0.323139637077,0.200281357354,-0.282070312886,0.0842404171532,-0.376678112435,0.768811220243,0.24837454419,0.9682186926,1.0,0.723652342291,-0.31950283644,0.41708164682,-0.639017808081,-0.318577018627,-0.207288124167,-0.207959715422,0.171316525777,-0.0734914146564
Soil T,-0.150553384333,0.393130440608,-0.210473027589,0.244280774874,0.0397936374334,0.815559435901,0.436164172018,0.760062474093,0.723652342291,1.0,-0.0395379470281,0.487958978586,-0.454194446479,-0.280745356079,-0.203151830004,-0.0899307360633,0.111130914369,-0.244007620614
Rainfall Total,-0.0488753277186,-0.401067925505,-0.115333837443,-0.352550042309,0.0487485229148,-0.318909727846,0.0153465188222,-0.332927927036,-0.31950283644,-0.0395379470281,1.0,-0.0775039942289,0.418496565332,0.659755396359,-0.121193640397,-0.0478368401994,-0.273063207086,-0.175710612576
Radiation Total,0.00436020840384,0.1668791815,0.0111221846309,0.18437166519,0.515002942393,0.163781710264,-0.396450373155,0.32459583364,0.41708164682,0.487958978586,-0.0775039942289,1.0,-0.685869809973,-0.340713659289,-0.307031488765,-0.347503912134,-0.13409523704,-0.238407627527
Humidity,-0.0884398639199,-0.446862969306,0.117408797583,-0.393028482879,-0.0403681882011,-0.401366767842,0.405185648727,-0.576511191553,-0.639017808081,-0.454194446479,0.418496565332,-0.685869809973,1.0,0.47637575334,0.00998372811548,0.1586510003,0.0634025227847,0.228698695245
Unnamed: 0,0.301507714784,0.0171076145828,0.231557340793,0.10829695677,0.989652069113,-0.201300608591,-0.19102828526,-0.392654781284,-0.402137638221,0.0568127454118,0.0885758056441,0.488023138521,0.0148376838944,-0.241220998993,0.0369128571758,0.0522777882333,-0.1287602202,-0.0799417320882
Rainfall,-0.0466205013751,-0.25184938729,-0.0087617686942,-0.258057918028,-0.276557534123,-0.382198104243,-0.00638914840463,-0.339336156801,-0.318577018627,-0.280745356079,0.659755396359,-0.340713659289,0.47637575334,1.0,-0.0966834521974,-0.0156484792878,-0.18732754315,-0.0784099080088
APS < 1 um,-0.253970903489,0.13024834663,-0.153526012765,-0.0408854884385,-0.112623624428,0.258537907593,0.305629262258,0.212400167201,0.171316525777,0.111130914369,-0.273063207086,-0.13409523704,0.0634025227847,-0.18732754315,0.161935510486,0.381391335951,1.0,0.472874967659
APS > 1 um,-0.157585977134,-0.383341330478,0.23652659964,-0.461847580405,-0.04389829227,-0.125151285012,0.0649135480143,-0.0946784291507,-0.0734914146564,-0.244007620614,-0.175710612576,-0.238407627527,0.228698695245,-0.0784099080088,0.0362986424707,0.0873212247838,0.472874967659,1.0
SMPS <0.5 um ,0.185770096027,0.036237730844,0.168645371776,0.167047394795,0.0543421719303,0.0131726206681,0.0318122305422,-0.115164017088,-0.207288124167,-0.203151830004,-0.121193640397,-0.307031488765,0.00998372811548,-0.0966834521974,1.0,0.910525940947,0.161935510486,0.0362986424707
SMPS > 0.5 um,0.125515178256,0.0197008444197,0.131615745721,0.0538994743705,0.0481366692971,0.0513999920963,0.183533554198,-0.11443398401,-0.207959715422,-0.0899307360633,-0.0478368401994,-0.347503912134,0.1586510003,-0.0156484792878,0.910525940947,1.0,0.381391335951,0.0873212247838
