,Log10 INPs,Wind speed,Max gust direction,Max gust speed, Max Gust Ctime,Dry Bulb T,Dew Point T,Grass T,Concrete T,Soil T,Rainfall Total,Radiation Total,Humidity,rain_past_hour,smps_total_over500,smps_total_sub500,aps_1um,aps_sub_1um
Wind speed,-0.138943477044,1.0,0.144790453354,0.906284767709,0.0918578813172,0.355964944286,0.0817827929568,0.169856214516,0.0736635435488,0.368532863069,-0.324349069516,0.244252023584,-0.422328245029,-0.200042756222,-0.197015596734,0.0214962609891,0.264982732986,-0.485860555176
Max gust direction,0.0721128650683,0.144790453354,1.0,0.252840167827,0.195202120816,-0.266619321029,-0.194004986574,-0.364396851771,-0.379125131825,-0.310464368401,-0.113231174075,-0.00239061539746,0.115114072772,0.210592797025,-0.00318559824799,-0.132510263547,-0.381302779795,-0.0923560298169
Max gust speed,-0.0392967384156,0.906284767709,0.252840167827,1.0,0.182432355964,0.213689308298,-0.0535800065112,0.0619710207738,-0.0210627379405,0.189167488996,-0.336313895399,0.281428879397,-0.403262390701,-0.217153027284,-0.31719497744,-0.148782319991,0.062296265806,-0.555152911916
 Max Gust Ctime,0.142218778914,0.0918578813172,0.195202120816,0.182432355964,1.0,-0.271423302186,-0.199320166929,-0.506494640683,-0.520254313129,-0.0279114766365,0.0559511069472,0.484484805899,0.13992449382,-0.0716051826632,0.0878418512122,0.0366640283837,-0.134952111886,-0.188127222724
Unnamed: 0,0.181276875351,-0.0980576179253,0.490147406399,0.064339335514,0.235878262381,-0.5789509318,-0.582767395702,-0.6295949759,-0.670828683125,-0.790490771092,-0.125729741599,-0.211270763264,0.0320811566614,-0.0328564552689,-0.00893344541591,-0.363228236106,-0.471176604886,-0.265736742669
Dry Bulb T,-0.135014123106,0.355964944286,-0.266619321029,0.213689308298,-0.271423302186,1.0,0.781864728975,0.887589214733,0.7827298937,0.817563089972,-0.334823795511,0.0291763653712,-0.418387749611,-0.316592592569,-0.0835956166127,0.111825384739,0.434937583443,0.0638456174097
Dew Point T,0.080016153813,0.0817827929568,-0.194004986574,-0.0535800065112,-0.199320166929,0.781864728975,1.0,0.577346271892,0.450119973454,0.658755772282,0.0493052139333,-0.318759692946,0.23844492173,-0.0406134372956,0.187446548146,0.317489406433,0.35600742801,0.0951438330611
Grass T,-0.247005876841,0.169856214516,-0.364396851771,0.0619710207738,-0.506494640683,0.887589214733,0.577346271892,1.0,0.968370864871,0.701528174522,-0.389129611247,0.125081277247,-0.540571402676,-0.29440590857,-0.224461505608,0.00732599752093,0.407044408851,0.232040604885
Concrete T,-0.36149975513,0.0736635435488,-0.379125131825,-0.0210627379405,-0.520254313129,0.7827298937,0.450119973454,0.968370864871,1.0,0.660876427627,-0.354650035735,0.224874862439,-0.561487283443,-0.261474972449,-0.283186347221,-0.0398342539719,0.361130976702,0.328482044257
Soil T,-0.180580137486,0.368532863069,-0.310464368401,0.189167488996,-0.0279114766365,0.817563089972,0.658755772282,0.701528174522,0.660876427627,1.0,-0.0321911033075,0.308917542404,-0.299165305893,-0.131209827008,-0.127789198963,0.186703732212,0.322599463958,-0.0113154304369
Rainfall Total,0.198025813901,-0.324349069516,-0.113231174075,-0.336313895399,0.0559511069472,-0.334823795511,0.0493052139333,-0.389129611247,-0.354650035735,-0.0321911033075,1.0,-0.223068119792,0.601561911124,0.788693830898,0.150169959322,0.136907942146,-0.294882204914,-0.191767994452
Radiation Total,-0.305431091522,0.244252023584,-0.00239061539746,0.281428879397,0.484484805899,0.0291763653712,-0.318759692946,0.125081277247,0.224874862439,0.308917542404,-0.223068119792,1.0,-0.494537129944,-0.160449995442,-0.41728723575,-0.177579438445,-0.0357189923392,-0.0629254230712
Humidity,0.329716847818,-0.422328245029,0.115114072772,-0.403262390701,0.13992449382,-0.418387749611,0.23844492173,-0.540571402676,-0.561487283443,-0.299165305893,0.601561911124,-0.494537129944,1.0,0.442391385727,0.404698281546,0.299092672318,-0.147632918054,0.0339204255022
Unnamed: 0,0.149370775473,0.10251044374,0.186291312794,0.182240633679,0.98958064035,-0.271610122462,-0.158432326411,-0.527174639962,-0.543410085622,0.00409307998386,0.116186741439,0.454253313464,0.199471177367,-0.0501454175518,0.105400305038,0.0850486491884,-0.14423394514,-0.219875658589
Rainfall,0.175530443132,-0.200042756222,0.210592797025,-0.217153027284,-0.0716051826632,-0.316592592569,-0.0406134372956,-0.29440590857,-0.261474972449,-0.131209827008,0.788693830898,-0.160449995442,0.442391385727,1.0,0.148507388916,0.0888266782835,-0.278026017157,-0.133235214426
APS < 1 um,-0.184324740582,0.264982732986,-0.381302779795,0.062296265806,-0.134952111886,0.434937583443,0.35600742801,0.407044408851,0.361130976702,0.322599463958,-0.294882204914,-0.0357189923392,-0.147632918054,-0.278026017157,0.543510511832,0.726818106727,1.0,0.495185281216
APS > 1 um,-0.290424174217,-0.485860555176,-0.0923560298169,-0.555152911916,-0.188127222724,0.0638456174097,0.0951438330611,0.232040604885,0.328482044257,-0.0113154304369,-0.191767994452,-0.0629254230712,0.0339204255022,-0.133235214426,0.435260634613,0.389170816377,0.495185281216,1.0
SMPS <0.5 um ,0.321484446584,-0.197015596734,-0.00318559824799,-0.31719497744,0.0878418512122,-0.0835956166127,0.187446548146,-0.224461505608,-0.283186347221,-0.127789198963,0.150169959322,-0.41728723575,0.404698281546,0.148507388916,1.0,0.830281700939,0.543510511832,0.435260634613
SMPS > 0.5 um,0.168836274167,0.0214962609891,-0.132510263547,-0.148782319991,0.0366640283837,0.111825384739,0.317489406433,0.00732599752093,-0.0398342539719,0.186703732212,0.136907942146,-0.177579438445,0.299092672318,0.0888266782835,0.830281700939,1.0,0.726818106727,0.389170816377
