,Log10 INPs,Wind speed,Max gust direction,Max gust speed, Max Gust Ctime,Dry Bulb T,Dew Point T,Grass T,Concrete T,Soil T,Rainfall Total,Radiation Total,Humidity,APS Total Count,SMPS Total Count,demott
Log10 INPs,1.0,0.433534699467,-0.146893302782,0.345656948671,0.348548389231,-0.0360630455873,-0.34225777522,-0.0606311567296,-0.040078241286,0.0482394524107,-0.272411544591,0.128133243202,-0.348758868455,-0.112867273054,-0.207902400422,-0.0960348723232
Wind speed,0.433534699467,1.0,-0.108724147331,0.925263306152,-0.00848549324746,0.410579055575,-0.0944759494478,0.357581830908,0.351687154329,0.435476981374,-0.47872297151,0.240329636024,-0.564810792681,-0.409600415082,-0.0584118249334,-0.465189851244
Max gust direction,-0.146893302782,-0.108724147331,1.0,0.0268163959706,0.0776557603584,-0.191931947536,-0.0102131774819,-0.25994822049,-0.284523005623,-0.258535495953,-0.0847029431708,-0.0667357725097,0.189239214456,0.0232716400562,0.0913458871592,0.0751356094732
Max gust speed,0.345656948671,0.925263306152,0.0268163959706,1.0,0.0849821076519,0.296758120894,-0.144095209219,0.241152696969,0.220873685347,0.293865498955,-0.428494152844,0.255183799006,-0.501995215849,-0.457700034577,-0.139276157756,-0.540085157602
 Max Gust Ctime,0.348548389231,-0.00848549324746,0.0776557603584,0.0849821076519,1.0,-0.169673921416,-0.270752502788,-0.288713465064,-0.294139022104,0.0802922471995,-0.0147909418647,0.575717336117,-0.124438258743,0.0594590761643,0.010241475689,0.0584450344785
Dry Bulb T,-0.0360630455873,0.410579055575,-0.191931947536,0.296758120894,-0.169673921416,1.0,0.623668233648,0.897583386185,0.796201111989,0.814113622935,-0.326758992288,0.176024853528,-0.402235311674,-0.135337867319,0.194304180619,-0.107077891289
Dew Point T,-0.34225777522,-0.0944759494478,-0.0102131774819,-0.144095209219,-0.270752502788,0.623668233648,1.0,0.366533823522,0.207113707945,0.351308487657,0.0596347546708,-0.43315670205,0.463993072944,0.187902980379,0.492129562164,0.241137706569
Grass T,-0.0606311567296,0.357581830908,-0.25994822049,0.241152696969,-0.288713465064,0.897583386185,0.366533823522,1.0,0.968740878133,0.796041116882,-0.333249085864,0.347521977553,-0.584704569915,-0.195413044953,0.0482962787218,-0.175561409536
Concrete T,-0.040078241286,0.351687154329,-0.284523005623,0.220873685347,-0.294139022104,0.796201111989,0.207113707945,0.968740878133,1.0,0.77777631586,-0.316955035343,0.435576241688,-0.654018867259,-0.184452047717,-0.0350770069343,-0.172495346012
Soil T,0.0482394524107,0.435476981374,-0.258535495953,0.293865498955,0.0802922471995,0.814113622935,0.351308487657,0.796041116882,0.77777631586,1.0,-0.0827258938602,0.517686667112,-0.498005493625,-0.194689908548,0.0976905253692,-0.173688866977
Rainfall Total,-0.272411544591,-0.47872297151,-0.0847029431708,-0.428494152844,-0.0147909418647,-0.326758992288,0.0596347546708,-0.333249085864,-0.316955035343,-0.0827258938602,1.0,-0.120494664177,0.443680664674,-0.122353772751,-0.0251444706186,-0.101963002127
Radiation Total,0.128133243202,0.240329636024,-0.0667357725097,0.255183799006,0.575717336117,0.176024853528,-0.43315670205,0.347521977553,0.435576241688,0.517686667112,-0.120494664177,1.0,-0.701351860981,-0.289309580061,-0.180535344884,-0.31570269513
Humidity,-0.348758868455,-0.564810792681,0.189239214456,-0.501995215849,-0.124438258743,-0.402235311674,0.463993072944,-0.584704569915,-0.654018867259,-0.498005493625,0.443680664674,-0.701351860981,1.0,0.373438532424,0.363787670373,0.40511340776
APS Total Count,-0.112867273054,-0.409600415082,0.0232716400562,-0.457700034577,0.0594590761643,-0.135337867319,0.187902980379,-0.195413044953,-0.184452047717,-0.194689908548,-0.122353772751,-0.289309580061,0.373438532424,1.0,-0.0318843241263,0.972882746646
SMPS Total Count,-0.207902400422,-0.0584118249334,0.0913458871592,-0.139276157756,0.010241475689,0.194304180619,0.492129562164,0.0482962787218,-0.0350770069343,0.0976905253692,-0.0251444706186,-0.180535344884,0.363787670373,-0.0318843241263,1.0,0.0576082130164
demott,-0.0960348723232,-0.465189851244,0.0751356094732,-0.540085157602,0.0584450344785,-0.107077891289,0.241137706569,-0.175561409536,-0.172495346012,-0.173688866977,-0.101963002127,-0.31570269513,0.40511340776,0.972882746646,0.0576082130164,1.0
